-9.9992201e-02
2.1206248e-05
5.7644560e-05
1.5669416e-04
4.2593890e-04
1.1578220e-03
3.1472854e-03
8.5552093e-03
2.3255473e-02
6.3214920e-02
7.8013427e-06
-9.9978797e-02
5.7644560e-05
1.5669416e-04
4.2593890e-04
1.1578220e-03
3.1472854e-03
8.5552093e-03
2.3255473e-02
6.3214920e-02
7.8013427e-06
2.1206248e-05
-9.9942356e-02
1.5669416e-04
4.2593890e-04
1.1578220e-03
3.1472854e-03
8.5552093e-03
2.3255473e-02
6.3214920e-02
7.8013427e-06
2.1206248e-05
5.7644560e-05
-9.9843308e-02
4.2593890e-04
1.1578220e-03
3.1472854e-03
8.5552093e-03
2.3255473e-02
6.3214920e-02
7.8013427e-06
2.1206248e-05
5.7644560e-05
1.5669416e-04
-9.9574059e-02
1.1578220e-03
3.1472854e-03
8.5552093e-03
2.3255473e-02
6.3214920e-02
7.8013427e-06
2.1206248e-05
5.7644560e-05
1.5669416e-04
4.2593890e-04
-9.8842181e-02
3.1472854e-03
8.5552093e-03
2.3255473e-02
6.3214920e-02
7.8013427e-06
2.1206248e-05
5.7644560e-05
1.5669416e-04
4.2593890e-04
1.1578220e-03
-9.6852720e-02
8.5552093e-03
2.3255473e-02
6.3214920e-02
7.8013427e-06
2.1206248e-05
5.7644560e-05
1.5669416e-04
4.2593890e-04
1.1578220e-03
3.1472854e-03
-9.1444790e-02
2.3255473e-02
6.3214920e-02
7.8013427e-06
2.1206248e-05
5.7644560e-05
1.5669416e-04
4.2593890e-04
1.1578220e-03
3.1472854e-03
8.5552093e-03
-7.6744527e-02
6.3214920e-02
7.8013427e-06
2.1206248e-05
5.7644560e-05
1.5669416e-04
4.2593890e-04
1.1578220e-03
3.1472854e-03
8.5552093e-03
2.3255473e-02
-3.6785081e-02
